id ra dec zphot zspec f770w f1800w mstar_gal mstar_gal_l68 mstar_gal_u68 av_gal_1 av_gal_1_l68 av_gal_1_u68 av_gal_2 av_gal_2_l68 av_gal_2_u68 logLbol logLbol_l68 logLbol_u68 av_agn av_agn_l68 av_agn_u68 fhd fhd_l68 fhd_u68 mstar_hybrid mstar_hybrid_l68 mstar_hybrid_u68 av_hybrid av_hybrid_l68 av_hybrid_u68
COS-2144 150.139906 2.442501 4.66 -1.0 -25.55 -23.4 8.61 8.5 8.71 0.0 0.0 0.0 0.98 0.85 1.12 44.37 44.3 44.45 1.84 1.57 2.14 0.6848 0.1944 1.2341 7.0 6.86 7.46 0.25 0.11 0.41
COS-2356 150.163424 2.439157 5.14 -1.0 24.16 -23.36 10.5 10.33 10.67 1.11 0.38 1.64 3.4 3.09 3.79 46.08 46.04 46.12 2.96 2.85 3.07 0.0127 0.0034 0.0247 8.57 8.39 8.72 0.28 0.1 0.47
COS-2451 150.173282 2.437678 4.69 -1.0 24.13 -22.97 9.87 9.8 9.94 0.0 0.0 0.0 1.31 1.22 1.39 45.6 45.56 45.65 2.14 2.0 2.3 0.1521 0.1091 0.1823 8.32 8.3 8.52 1.02 0.99 1.06
COS-5229 150.155252 2.406674 4.72 -1.0 25.06 -23.83 9.55 9.48 9.61 0.0 0.0 0.0 2.52 2.31 2.74 45.22 45.15 45.29 2.73 2.51 2.97 0.2151 0.1508 0.262 7.53 7.09 7.82 0.3 0.07 0.77
COS-5621 150.155826 2.403112 5.23 -1.0 25.43 -22.8 9.71 9.63 9.78 0.0 0.0 0.0 1.86 1.78 1.93 45.52 45.47 45.57 2.7 2.57 2.83 0.0434 0.0108 0.1148 7.41 7.27 7.6 0.43 0.31 0.55
COS-5844 150.137105 2.40121 8.2 -1.0 25.56 -23.25 9.87 9.73 10.03 0.13 0.04 0.3 3.82 3.69 4.0 46.09 46.01 46.16 3.32 3.14 3.5 0.154 0.043 0.2642 8.58 8.36 8.72 0.12 0.04 0.25
COS-7071 150.142362 2.390024 5.23 -1.0 24.33 -23.07 10.65 10.56 10.75 1.25 1.0 1.48 6.32 5.95 6.59 45.84 45.73 45.93 4.24 3.94 4.5 0.1261 0.0671 0.1892 7.86 7.51 8.06 0.2 0.06 0.41
COS-7236 150.170166 2.38839 5.29 -1.0 23.77 -23.12 9.91 9.83 9.99 0.09 0.03 0.18 1.55 1.5 1.59 46.2 46.16 46.24 2.96 2.86 3.08 0.0117 0.0032 0.0219 8.13 8.06 8.22 0.29 0.22 0.35
COS-8227 150.156844 2.379459 6.67 -1.0 24.9 -23.43 10.73 10.63 10.78 1.81 1.38 1.95 5.09 4.72 5.43 46.1 46.03 46.16 3.6 3.46 3.74 0.0434 0.0139 0.077 8.06 7.76 8.26 0.23 0.08 0.47
COS-8406 150.150463 2.37787 5.17 -1.0 25.37 -23.48 9.74 9.66 9.81 0.0 0.0 0.0 3.07 2.88 3.25 45.45 45.35 45.56 3.51 3.24 3.79 0.2031 0.1066 0.297 7.44 6.97 7.75 0.24 0.06 0.64
COS-8550 150.1759 2.376759 4.93 -1.0 25.44 -23.36 9.82 9.72 9.91 0.0 0.0 0.0 2.87 2.5 3.12 45.54 45.47 45.62 3.39 3.19 3.61 0.0903 0.024 0.1833 7.9 7.61 8.09 0.14 0.04 0.3
COS-11625 150.063327 2.354978 4.72 -1.0 24.17 -23.32 9.72 9.65 9.78 0.0 0.0 0.0 1.63 1.42 1.77 45.46 45.41 45.52 2.46 2.3 2.64 0.1843 0.1472 0.2188 8.19 8.07 8.31 1.2 1.14 1.27
COS-12184 150.07671 2.350924 5.17 -1.0 25.46 -22.87 9.09 8.98 9.2 0.0 0.0 0.0 1.85 1.69 2.03 45.1 44.99 45.23 2.83 2.51 3.18 0.9449 0.6529 1.2471 7.13 7.02 7.25 0.32 0.18 0.47
COS-13104 150.144439 2.344396 4.54 -1.0 23.97 -23.35 10.44 10.39 10.49 0.03 0.01 0.06 2.02 1.89 2.18 46.05 46.03 46.08 2.88 2.79 2.98 0.0056 0.0014 0.0125 9.08 8.99 9.13 0.06 0.02 0.13
COS-13886 150.175769 2.338785 5.86 -1.0 23.27 -23.11 10.72 10.63 10.77 0.09 0.02 0.23 2.52 2.46 2.59 46.41 46.39 46.42 2.9 2.84 2.96 0.0016 0.0005 0.004 8.17 8.15 8.19 0.4 0.38 0.43
COS-15702 150.07568 2.325286 4.69 -1.0 -26.09 -23.25 8.5 8.38 8.64 0.0 0.0 0.0 1.14 1.02 1.24 44.44 44.36 44.52 1.79 1.51 2.09 0.7561 0.2556 1.2768 7.1 6.99 7.21 0.42 0.27 0.58
COS-18805 150.067833 2.303299 6.43 -1.0 24.68 -23.0 10.19 10.07 10.32 0.4 0.11 1.04 3.15 2.7 3.43 46.06 45.96 46.16 3.64 3.38 3.88 0.0787 0.0233 0.1468 8.48 8.15 8.67 0.24 0.08 0.44
COS-20188 150.076026 2.29377 5.77 -1.0 25.01 -23.49 10.01 9.93 10.09 0.0 0.0 0.0 2.19 2.05 2.32 45.77 45.7 45.84 2.77 2.58 2.96 0.0534 0.0151 0.1062 8.2 7.85 8.43 0.19 0.05 0.45
COS-20492 150.055362 2.291587 6.43 -1.0 24.54 -23.5 9.8 9.69 9.91 0.0 0.0 0.0 1.08 0.99 1.16 45.9 45.84 45.97 2.54 2.39 2.71 0.0467 0.0134 0.0819 8.28 8.22 8.34 0.3 0.22 0.38
COS-20652 150.078517 2.290443 4.69 -1.0 25.25 -23.47 9.47 9.37 9.56 0.0 0.0 0.0 2.07 1.78 2.37 45.13 45.05 45.21 2.29 2.04 2.58 0.3517 0.2453 0.4473 8.23 7.83 8.5 0.98 0.47 1.33
COS-21273 150.079159 2.285734 6.37 -1.0 24.96 -23.48 9.9 9.82 9.97 0.14 0.04 0.26 2.99 2.81 3.15 45.78 45.68 45.88 3.32 3.08 3.57 0.0985 0.0312 0.1777 7.58 7.47 7.94 0.2 0.08 0.33
COS-21309 150.111534 2.285523 5.23 -1.0 26.15 -23.19 9.26 9.18 9.35 0.0 0.0 0.0 1.86 1.66 2.06 45.09 44.98 45.19 2.7 2.43 2.98 0.3661 0.1237 0.721 7.69 7.39 7.91 0.19 0.05 0.4
COS-21700 150.115213 2.282988 4.69 -1.0 25.95 -23.2 9.34 9.27 9.4 0.0 0.0 0.0 1.59 1.46 1.73 45.04 44.98 45.1 2.28 2.09 2.48 0.2108 0.077 0.4004 7.84 7.56 8.05 0.17 0.05 0.35
COS-22424 150.08281 2.277724 5.35 -1.0 23.86 -23.3 10.5 10.41 10.65 0.2 0.06 0.4 4.34 4.16 4.5 46.26 46.23 46.29 4.59 4.52 4.64 0.0137 0.0052 0.0236 7.74 7.38 8.0 0.18 0.06 0.33
COS-22433 150.078017 2.277621 6.28 -1.0 24.04 -23.56 10.59 10.52 10.63 0.12 0.03 0.3 2.81 2.76 2.88 46.25 46.21 46.28 3.09 2.99 3.18 0.0038 0.0011 0.0094 8.52 8.22 8.91 0.75 0.67 0.82
COS-25273 150.084702 2.254013 8.56 -1.0 25.82 -23.45 10.09 9.97 10.23 0.33 0.15 0.52 3.96 3.78 4.2 45.93 45.84 46.01 3.01 2.84 3.19 0.2148 0.0656 0.3784 8.68 8.5 8.8 0.2 0.08 0.33
COS-26016 150.063751 2.246798 5.47 -1.0 22.82 23.3 10.69 10.58 10.82 0.12 0.03 0.3 2.51 2.43 2.59 46.57 46.55 46.6 3.14 3.08 3.22 0.0007 0.0002 0.0017 9.05 8.79 9.21 0.45 0.31 0.62
COS-26234 150.07521 2.244678 4.75 -1.0 24.68 -23.32 9.92 9.85 10.01 0.0 0.0 0.0 2.53 2.37 2.7 45.65 45.59 45.71 3.05 2.86 3.26 0.1009 0.0493 0.1387 8.01 7.7 8.21 0.19 0.05 0.43
COS-26676 150.066564 2.240178 6.04 -1.0 25.13 -23.12 9.89 9.78 10.0 0.0 0.0 0.0 2.26 2.11 2.53 45.71 45.63 45.79 2.94 2.73 3.13 0.1384 0.0439 0.2485 8.09 7.75 8.33 0.16 0.04 0.35
COS-27477 150.098383 2.232665 4.33 -1.0 22.68 -23.39 10.7 10.66 10.73 0.0 0.0 0.0 2.36 2.29 2.46 46.33 46.3 46.35 2.99 2.92 3.07 0.0007 0.0002 0.0018 8.96 8.89 9.04 1.49 1.48 1.5
COS-30244 150.071665 2.200398 5.17 -1.0 22.78 21.77 10.57 10.45 10.71 0.32 0.13 0.5 4.3 4.08 4.49 46.67 46.61 46.72 4.19 4.02 4.35 0.0558 0.0434 0.0695 7.91 7.84 7.98 0.28 0.2 0.37
COS-35781 150.085867 2.189921 4.72 -1.0 25.95 -23.3 9.17 9.07 9.29 0.0 0.0 0.0 1.99 1.71 2.34 44.97 44.88 45.06 2.84 2.54 3.16 0.5864 0.354 0.8111 7.66 7.3 7.94 0.32 0.11 0.61
COS-67746 150.081871 2.30045 9.16 -1.0 27.61 -23.18 8.7 8.54 8.85 0.0 0.0 0.0 0.69 0.5 0.91 45.15 44.91 45.42 2.52 2.03 3.04 0.7353 0.2138 1.266 8.17 7.93 8.34 0.12 0.03 0.27
COS-74251 150.072897 2.323619 6.43 -1.0 25.12 -23.32 9.75 9.61 9.89 0.35 0.14 0.59 3.79 3.44 4.06 45.57 45.38 45.78 3.35 2.9 3.88 0.2721 0.1022 0.5069 7.97 7.48 8.26 0.31 0.13 0.54
COS-75330 150.083618 2.320564 5.56 -1.0 24.93 -23.11 10.56 10.41 10.67 1.25 0.86 1.6 6.85 6.68 6.96 45.79 45.7 45.86 4.46 4.17 4.6 0.1565 0.0627 0.2281 7.86 7.48 8.07 0.2 0.06 0.45
COS-79014 150.160274 2.464053 9.79 -1.0 26.33 -23.02 9.28 9.11 9.45 0.0 0.0 0.0 1.12 0.89 1.36 45.72 45.51 45.93 2.85 2.45 3.27 0.6804 0.2102 1.2365 8.61 8.39 8.8 0.36 0.15 0.59
COS-108622 150.154692 2.350232 6.34 -1.0 -25.7 -23.01 9.92 9.83 10.02 0.46 0.23 0.69 4.23 3.9 4.63 45.09 44.91 45.27 2.63 2.21 3.12 0.6531 0.2199 1.167 8.01 7.68 8.23 0.24 0.08 0.47
COS-111762 150.170179 2.342379 6.1 -1.0 -25.7 -23.15 10.14 10.05 10.29 1.09 0.86 1.38 5.74 5.23 6.33 45.04 44.92 45.17 2.71 2.39 3.03 0.6928 0.234 1.1539 7.5 7.21 7.73 0.35 0.1 0.74
UDS-3510 34.368949 -5.103948 5.92 -1.0 24.63 -23.15 10.33 10.26 10.38 0.0 0.0 0.0 2.39 2.32 2.49 46.05 46.01 46.1 2.95 2.84 3.07 0.0302 0.0086 0.0607 8.55 8.26 8.72 0.44 0.22 0.65
UDS-4090 34.394401 -5.106762 5.17 -1.0 24.22 -23.48 10.35 10.29 10.42 1.0 0.77 1.23 4.27 4.03 4.52 45.94 45.86 46.02 3.62 3.4 3.85 0.035 0.0148 0.0586 7.88 7.27 8.22 0.44 0.21 0.68
UDS-4396 34.374881 -5.108179 5.83 -1.0 24.59 -23.21 9.91 9.82 10.02 0.07 0.02 0.15 4.05 3.86 4.2 45.98 45.86 46.08 4.24 3.91 4.51 0.0708 0.0246 0.1252 7.56 7.51 7.62 0.1 0.03 0.18
UDS-4828 34.334611 -5.110271 4.51 -1.0 23.71 -23.41 10.29 10.17 10.4 0.24 0.12 0.41 3.96 3.87 4.08 45.9 45.84 45.96 3.13 2.95 3.33 0.0281 0.0129 0.0417 8.45 8.37 8.54 0.77 0.75 0.79
UDS-5280 34.353248 -5.112265 5.17 -1.0 24.93 -23.22 9.81 9.7 9.91 0.13 0.04 0.27 2.83 2.64 3.0 45.61 45.53 45.68 3.07 2.86 3.29 0.131 0.0483 0.2061 7.31 7.22 7.59 0.11 0.03 0.24
UDS-5480 34.430215 -5.113209 5.8 -1.0 24.67 -23.08 9.83 9.77 9.9 0.06 0.02 0.12 1.98 1.89 2.04 45.86 45.78 45.93 2.99 2.78 3.18 0.0885 0.0296 0.147 7.91 7.87 7.95 0.13 0.08 0.18
UDS-5719 34.21689 -5.11433 5.2 -1.0 25.03 -23.21 9.99 9.92 10.05 0.0 0.0 0.0 2.46 2.33 2.59 45.65 45.59 45.71 2.89 2.7 3.06 0.088 0.0271 0.1668 7.27 4.58 8.02 0.67 0.21 1.24
UDS-6563 34.340241 -5.118699 5.74 -1.0 24.37 -23.19 10.62 10.54 10.69 0.14 0.04 0.27 5.75 5.58 5.96 45.97 45.88 46.02 4.49 4.23 4.61 0.0911 0.0404 0.1362 7.55 7.39 7.83 0.06 0.02 0.14
UDS-9235 34.460348 -5.131579 4.45 -1.0 21.3 19.33 11.7 11.65 11.74 1.58 1.48 1.67 6.96 6.9 6.99 46.38 46.33 46.43 3.11 2.97 3.27 1.2514 1.113 1.3871 9.05 8.89 9.19 0.61 0.45 0.76
UDS-10330 34.447346 -5.135882 5.38 -1.0 24.98 -23.18 9.59 9.49 9.74 0.2 0.06 0.52 3.17 2.88 3.37 45.83 45.76 45.9 3.82 3.62 4.02 0.0746 0.0216 0.1394 7.65 7.22 8.03 0.32 0.15 0.53
UDS-13468 34.315038 -5.149331 6.97 -1.0 25.49 -23.3 9.52 9.48 9.55 0.0 0.0 0.0 0.02 0.01 0.05 45.76 45.72 45.8 2.22 2.12 2.32 0.0695 0.0202 0.1707 7.95 7.93 7.97 0.0 0.0 0.01
UDS-13624 34.295992 -5.149867 5.89 -1.0 24.76 -23.61 10.15 10.05 10.23 0.09 0.02 0.21 2.21 2.09 2.32 45.91 45.85 45.96 2.75 2.61 2.88 0.0298 0.0082 0.054 7.89 7.78 8.28 0.35 0.21 0.48
UDS-13932 34.501483 -5.151208 2.59 -1.0 22.49 -23.13 10.34 10.25 10.44 0.0 0.0 0.0 4.0 3.92 4.09 46.11 46.09 46.12 4.59 4.51 4.63 0.0024 0.001 0.0039 8.43 8.17 8.67 1.42 1.32 1.48
UDS-14126 34.247823 -5.151952 7.39 -1.0 24.93 -23.31 9.85 9.74 9.97 0.2 0.06 0.41 2.85 2.67 3.01 46.24 46.18 46.3 3.56 3.42 3.7 0.0459 0.0143 0.0833 7.58 7.5 7.69 0.23 0.1 0.38
UDS-14305 34.404967 -5.152616 4.42 -1.0 25.15 -23.3 9.55 9.43 9.67 0.0 0.0 0.0 1.08 0.89 1.18 45.43 45.38 45.48 2.72 2.56 2.89 0.0589 0.0189 0.124 7.66 7.59 7.74 0.33 0.26 0.41
UDS-14388 34.262847 -5.152974 6.97 -1.0 25.81 -23.23 9.43 9.32 9.52 0.0 0.0 0.0 1.21 1.05 1.39 45.67 45.59 45.74 2.8 2.6 2.98 0.1484 0.038 0.3259 7.91 7.62 8.31 0.1 0.03 0.22
UDS-15912 34.425898 -5.159194 6.61 -1.0 25.18 -23.47 10.15 10.08 10.2 0.0 0.0 0.0 2.56 2.46 2.68 45.9 45.83 45.96 3.16 3.01 3.31 0.0663 0.0183 0.1258 8.21 7.93 8.4 0.25 0.08 0.52
UDS-17160 34.446115 -5.165109 8.14 -1.0 25.79 -23.23 9.31 9.16 9.46 0.0 0.0 0.0 1.07 0.93 1.2 45.56 45.46 45.65 1.79 1.59 2.01 0.4155 0.1262 0.7805 7.84 7.77 7.94 0.19 0.08 0.32
UDS-17818 34.346186 -5.168181 6.37 -1.0 24.86 -23.48 10.1 10.02 10.16 0.0 0.0 0.0 2.01 1.92 2.08 45.95 45.9 46.0 2.86 2.75 2.97 0.0363 0.0112 0.0736 8.18 7.95 8.54 0.8 0.66 0.94
UDS-33438 34.28364 -5.243915 3.82 -1.0 -25.85 -22.93 9.45 9.37 9.52 0.07 0.02 0.15 2.21 2.04 2.41 45.14 45.1 45.19 3.11 2.95 3.32 0.0039 0.001 0.0107 7.92 7.52 8.09 0.13 0.06 0.2
UDS-34633 34.230889 -5.24953 2.44 -1.0 23.28 21.94 9.51 9.39 9.67 0.3 0.17 0.47 6.93 6.82 6.98 45.39 45.35 45.42 4.47 4.27 4.6 0.224 0.1985 0.2541 7.71 7.4 7.94 0.18 0.06 0.34
UDS-34737 34.49297 -5.250066 3.22 2.81 22.28 22.04 9.89 9.76 10.11 1.9 1.76 1.97 5.63 5.4 5.83 46.01 45.98 46.04 4.0 3.87 4.14 0.1101 0.0957 0.1245 8.38 8.13 8.59 0.69 0.31 1.08
UDS-34815 34.514216 -5.250379 5.2 -1.0 23.97 -23.27 10.52 10.46 10.6 0.4 0.14 0.7 3.65 3.58 3.72 46.18 46.13 46.23 3.66 3.52 3.79 0.0134 0.0042 0.0243 7.47 7.36 7.59 0.37 0.22 0.54
UDS-34899 34.422285 -5.250725 5.77 -1.0 23.84 -23.39 10.2 10.07 10.41 0.03 0.01 0.06 3.2 3.14 3.25 46.31 46.27 46.35 3.71 3.6 3.83 0.0039 0.0011 0.0086 8.19 8.17 8.19 0.48 0.47 0.5
UDS-35121 34.407059 -5.251676 5.23 -1.0 25.21 -23.28 9.53 9.4 9.65 0.0 0.0 0.0 2.8 2.58 2.98 45.68 45.61 45.75 3.58 3.38 3.77 0.0728 0.0199 0.1558 7.27 7.19 7.35 0.38 0.25 0.52
UDS-38096 34.466076 -5.264787 6.4 -1.0 24.26 -23.31 10.28 10.17 10.38 0.0 0.0 0.0 2.66 2.38 2.81 46.22 46.18 46.27 3.32 3.21 3.45 0.0188 0.0061 0.0351 8.17 8.06 8.28 0.88 0.74 1.03
UDS-39469 34.453339 -5.270736 5.29 5.45 25.82 -23.73 9.43 9.23 9.61 0.09 0.02 0.21 2.73 2.48 3.0 45.39 45.3 45.48 3.24 2.97 3.5 0.1196 0.0358 0.2245 7.6 7.29 8.0 0.13 0.04 0.25
UDS-40579 34.304973 -5.275404 4.66 -1.0 25.49 -23.2 9.07 8.99 9.15 0.0 0.0 0.0 0.97 0.87 1.07 44.93 44.87 44.99 2.25 2.06 2.47 0.7087 0.5477 0.8519 7.43 7.37 7.49 0.28 0.2 0.37
UDS-40898 34.391916 -5.27694 5.47 -1.0 23.76 -23.47 10.36 10.19 10.48 0.17 0.05 0.35 2.38 2.33 2.42 46.23 46.21 46.25 2.87 2.81 2.94 0.0016 0.0004 0.0038 7.87 7.84 7.9 0.37 0.33 0.42
UDS-41039 34.398885 -5.277552 4.69 -1.0 24.56 -23.82 10.4 10.33 10.46 0.2 0.05 0.47 3.94 3.88 4.02 45.92 45.88 45.97 3.84 3.67 4.0 0.0131 0.0042 0.0228 8.06 7.78 8.24 0.09 0.02 0.23
UDS-44702 34.420911 -5.296178 4.63 -1.0 23.23 22.57 10.76 10.67 10.83 0.25 0.1 0.42 3.76 3.51 3.99 46.34 46.29 46.38 3.62 3.46 3.78 0.0336 0.0237 0.0445 8.39 8.16 8.58 0.1 0.03 0.18
UDS-44877 34.306548 -5.297159 2.8 -1.0 22.0 -23.43 10.88 10.83 10.91 0.0 0.0 0.0 2.87 2.76 2.98 46.35 46.33 46.37 3.97 3.89 4.05 0.0002 0.0001 0.0006 9.71 9.6 9.81 1.42 1.29 1.48
UDS-46014 34.246434 -5.303368 4.72 -1.0 25.29 -23.43 9.84 9.76 9.89 0.18 0.05 0.52 1.79 1.61 1.98 45.5 45.45 45.56 2.81 2.62 3.03 0.0414 0.0117 0.0955 8.31 8.06 8.47 0.08 0.02 0.18
UDS-60251 34.4379 -5.299977 7.42 -1.0 25.99 -23.17 9.06 8.83 9.28 0.0 0.0 0.0 2.07 1.85 2.28 45.65 45.54 45.74 3.09 2.84 3.34 0.3562 0.1168 0.6341 7.26 7.11 7.56 0.24 0.07 0.5
UDS-62612 34.283372 -5.296272 7.42 -1.0 29.7 -23.26 8.2 8.05 8.39 0.0 0.0 0.0 0.86 0.75 1.0 45.29 45.2 45.38 1.91 1.7 2.14 0.2939 0.0797 0.7658 7.53 7.44 7.7 0.17 0.05 0.39
UDS-66751 34.254151 -5.290015 10.54 -1.0 25.25 -23.17 10.08 9.96 10.19 0.0 0.0 0.0 1.92 1.75 2.07 46.14 46.04 46.24 2.47 2.29 2.65 0.5057 0.1838 0.8746 8.91 8.65 9.14 0.68 0.39 0.99
UDS-68913 34.47826 -5.28685 7.39 7.21 25.68 -23.34 10.26 10.13 10.4 1.83 1.57 1.95 6.44 6.12 6.75 46.0 45.9 46.08 4.25 4.0 4.46 0.1345 0.0435 0.2263 7.58 7.07 8.07 0.45 0.13 0.95
UDS-72386 34.330303 -5.281233 8.89 8.56 -26.12 -22.51 9.78 9.63 9.89 0.11 0.03 0.25 2.69 2.46 2.95 45.53 45.48 45.57 2.49 2.36 2.63 0.5961 0.1665 1.1779 7.92 7.89 7.98 0.41 0.34 0.49
UDS-75424 34.374826 -5.27553 5.17 5.13 25.31 -23.03 10.03 9.68 10.23 0.59 0.31 0.86 6.05 4.88 6.73 45.05 44.84 45.3 3.47 2.87 4.19 0.6439 0.2641 1.1125 8.01 7.77 8.19 0.26 0.09 0.49
UDS-76730 34.407514 -5.273147 5.2 -1.0 24.97 -22.96 10.44 10.4 10.47 0.54 0.39 0.7 6.96 6.92 6.99 45.56 45.43 45.63 4.42 4.07 4.59 0.3848 0.296 0.5152 7.72 7.36 7.94 0.13 0.04 0.3
UDS-77750 34.243692 -5.271402 6.97 6.93 25.46 -23.18 9.96 9.87 10.05 0.0 0.0 0.0 2.95 2.79 3.12 45.89 45.82 45.96 3.49 3.29 3.68 0.1334 0.039 0.251 7.84 7.42 8.12 0.25 0.07 0.67
UDS-78549 34.395652 -5.270093 6.13 -1.0 26.46 -23.19 8.9 8.5 9.09 0.0 0.0 0.0 0.52 0.39 0.94 45.29 45.15 45.43 3.21 2.87 3.57 0.3502 0.0979 0.6849 8.08 7.79 8.27 0.12 0.04 0.23
UDS-81578 34.244798 -5.265006 4.72 -1.0 25.71 -23.36 9.01 8.87 9.14 0.0 0.0 0.0 1.92 1.58 2.26 44.65 44.56 44.73 2.04 1.79 2.33 1.153 0.7698 1.3976 6.3 4.23 7.51 0.76 0.24 1.27
UDS-81866 34.352438 -5.264601 7.42 7.12 -26.49 -23.65 8.51 8.44 8.62 0.0 0.0 0.0 1.86 1.77 1.95 45.13 45.08 45.17 2.06 1.9 2.21 0.3288 0.0973 0.8007 7.18 7.15 7.21 0.08 0.02 0.18
UDS-84401 34.363537 -5.260795 5.47 5.54 25.27 -23.53 10.44 10.33 10.59 1.46 1.19 1.73 6.86 6.71 6.97 45.71 45.59 45.8 4.23 3.9 4.49 0.1004 0.0361 0.1716 8.02 7.71 8.24 0.38 0.14 0.69
UDS-144265 34.456946 -5.160894 6.19 -1.0 25.94 -23.3 9.59 9.43 9.73 0.0 0.0 0.0 3.12 2.77 3.44 45.37 45.16 45.55 3.42 2.91 3.93 0.4429 0.1645 0.7989 6.89 4.5 7.76 0.66 0.2 1.24
UDS-149541 34.228539 -5.10148 6.61 -1.0 25.12 -23.17 10.22 10.15 10.29 0.0 0.0 0.0 3.3 3.14 3.46 45.89 45.8 45.99 3.49 3.28 3.7 0.1261 0.0447 0.214 7.44 5.21 7.95 0.63 0.18 1.21
UDS-150414 34.281453 -5.102834 5.2 -1.0 26.18 -23.67 9.71 9.56 9.81 0.0 0.0 0.0 3.03 2.78 3.28 45.31 45.18 45.46 3.32 2.98 3.69 0.1409 0.0427 0.29 6.49 4.06 7.64 0.78 0.26 1.27
UDS-151980 34.422908 -5.104757 10.48 -1.0 27.12 -23.23 9.48 9.27 9.65 0.0 0.0 0.0 1.5 1.25 1.74 45.39 45.16 45.63 1.84 1.46 2.27 0.6602 0.2094 1.2051 8.46 8.1 8.83 0.54 0.18 0.99
UDS-152026 34.269194 -5.105731 7.42 -1.0 25.26 -23.24 9.6 9.44 9.77 0.22 0.07 0.44 3.21 2.96 3.44 46.04 45.93 46.14 3.68 3.43 3.93 0.1235 0.0445 0.2248 7.43 7.3 7.63 0.17 0.05 0.35
UDS-152826 34.218441 -5.107111 7.03 -1.0 24.69 -23.31 10.66 10.55 10.76 0.54 0.23 0.94 4.46 4.26 4.81 46.21 46.11 46.3 3.71 3.45 3.96 0.0423 0.0132 0.0778 8.37 8.08 8.58 0.16 0.05 0.33
UDS-153498 34.434424 -5.108764 7.0 -1.0 25.89 -23.37 10.57 10.48 10.62 1.14 0.78 1.48 6.83 6.61 6.95 45.38 45.19 45.58 3.86 3.38 4.35 0.6001 0.2427 1.098 7.64 7.32 7.93 0.4 0.13 0.84
UDS-158644 34.372364 -5.115915 7.48 -1.0 25.02 -22.96 10.85 10.73 10.95 1.88 1.71 1.96 6.27 5.92 6.58 46.21 46.14 46.28 3.8 3.63 3.99 0.108 0.035 0.1997 7.95 7.58 8.2 0.28 0.09 0.52
UDS-159206 34.439668 -5.117357 7.9 -1.0 25.85 -23.4 10.74 10.7 10.77 1.12 1.0 1.26 6.07 5.8 6.38 45.81 45.69 45.93 3.09 2.82 3.38 0.2182 0.0739 0.4031 8.19 7.85 8.39 0.2 0.06 0.38
UDS-161988 34.447128 -5.123007 6.94 -1.0 24.54 -23.26 10.6 10.55 10.65 0.37 0.13 0.64 4.0 3.84 4.18 46.22 46.15 46.3 3.58 3.39 3.78 0.0386 0.0104 0.0732 8.41 8.04 8.61 0.13 0.04 0.29
UDS-165865 34.429471 -5.128854 5.2 -1.0 25.68 -22.76 9.75 9.6 9.88 0.27 0.08 0.55 3.73 3.3 4.07 45.28 45.13 45.44 3.5 3.09 3.94 0.6547 0.3089 1.0098 7.64 7.22 7.91 0.19 0.06 0.39
UDS-170710 34.397467 -5.135125 7.6 -1.0 24.47 -23.49 10.51 10.42 10.57 0.0 0.0 0.0 3.39 3.3 3.49 46.5 46.47 46.52 3.87 3.75 4.0 0.0035 0.0009 0.0084 9.16 8.88 9.28 1.4 1.19 1.48
UDS-173887 34.238463 -5.140396 10.0 -1.0 25.44 -23.12 9.94 9.82 10.04 0.0 0.0 0.0 1.81 1.65 1.96 46.02 45.91 46.13 2.6 2.39 2.82 0.5125 0.1759 0.9326 8.74 8.41 8.94 0.48 0.23 0.78
UDS-177350 34.411921 -5.144804 7.63 7.77 26.54 -23.36 9.66 9.49 9.83 0.21 0.06 0.51 2.92 2.52 3.22 45.68 45.58 45.78 3.47 3.22 3.7 0.3237 0.0991 0.614 8.15 7.61 8.43 0.46 0.24 0.68
UDS-178738 34.276037 -5.147996 6.55 -1.0 26.3 -23.1 9.34 9.26 9.43 0.0 0.0 0.0 1.57 1.42 1.74 45.36 45.23 45.47 2.92 2.63 3.23 0.3588 0.0919 0.7669 8.24 8.03 8.4 0.3 0.12 0.52
UDS-181563 34.467429 -5.150201 7.21 -1.0 26.99 -23.55 10.55 10.45 10.65 0.96 0.69 1.21 6.88 6.72 6.97 45.59 45.44 45.75 3.7 3.33 4.07 0.2486 0.0683 0.4788 8.08 7.85 8.31 0.27 0.08 0.62
UDS-183087 34.2914 -5.153348 5.26 -1.0 25.12 -23.13 9.67 9.55 9.76 0.0 0.0 0.0 2.46 2.2 2.68 45.53 45.41 45.64 3.35 3.05 3.65 0.2329 0.1082 0.3579 7.96 7.66 8.2 0.31 0.11 0.66
